 PDEW2009  9 21  8 53  5.90  27.3300   91.4400  14.0 6.1 6.1 BHUTAN                                  
 event name:     200909210853A  
 time shift:      4.5000
 half duration:   2.8000
 latitude:       27.2000
 longitude:      91.6300
 depth:          00.0000
 Mrr:       3.290000e+24
 Mtt:      -4.480000e+24
 Mpp:       1.190000e+24
 Mrt:       1.800000e+25
 Mrp:      -2.150000e+24
 Mtp:       8.250000e+23
