 PDE 2016 01 25 04 22 02.73   35.6493   -3.6818  12.0 5.9 5.9 STRAIT OF GIBRALTAR
event name:           F8B699
time shift:           8.2700
half duration:        8.0000
latitude:            35.7400
longitude:           -3.7200
depth:               11.5000
Mrr:           -3.850000E+24
Mtt:           -2.760000E+25
Mpp:            3.145000E+25
Mrt:            1.188000E+25
Mrp:            1.345000E+25
Mtp:           -1.649000E+25
