 PDE 2013 05 24 05 44 49.69   54.7700  153.3340 610.0 8.3 8.3 SEA OF OKHOTSK
event name:           23382D
time shift:           0.0000
half duration:        1.0000
latitude:            54.7700
longitude:          153.3340
depth:              610.0000
Mrr:           -1.400000E+28
Mtt:            3.100000E+27
Mpp:            1.080000E+28
Mrt:           -7.900000E+27
Mrp:           -3.540000E+28
Mtp:            8.000000E+26
